TEMPERATURE
Temperature Replica Exchange
     278.0
     280.0
     282.0
     284.0
     286.0
     288.0
     290.0
     292.0
     294.0
     296.0
     298.0
     300.0
     302.0
     304.0
     306.0
     308.0
     310.0
     312.0
     314.0
     316.0
     318.0
     320.0
     322.0
     324.0
     326.0
     328.0
     330.0
     332.0
     334.0
     336.0
     338.0
     340.0
     342.0
     344.0
     346.0
     348.0
     350.0
     352.0
     354.5
     357.0
     359.5
     362.0
     364.5
     367.0
     369.5
     372.0
     375.0
     378.0
     381.0
     384.0
     387.0
     390.0
     393.0
     396.0
     399.0
     402.0
     405.0
     408.0
     411.5
     415.0
     418.5
     422.0
     425.5
     429.0
